234318670
234318253
234318724
234318577
234318216
234318762
234318758
234318473
234318450
234318497
234318255
234318511
234318657
234318261
234318198
234318510
234318442
234318580
234318797
234318697
234318488
234318428
234318410
234318374
234318307
234318718
234318831
234318264
234318255
234318558
234318456
234318451
234318340
234318486
234318679
234318787
234318720
234318356
234318320
234318806
234318622
234318251
234318675
234318476
234318660
234318257
234318246
234318266
234318717
234318256
234318644
234318417
234318445
234318459
234318367
234318816
234318790
234318333
234318446
234318748
234318355
234318416
234318211
234318533
234318561
234318247
234318232
234318769
234318723
234318366
234318448
234318538
234318518
234318420
234318347
234318523
234318235
234318436
234318593
234318431
234318814
234318323
234318779
234318533
234318215
234318610
234318464
234318284
234318264
234318799
234318670
234318491
234318208
234318686
234318239
234318595
234318372
234318552
234318530
234318717
234318275
234318312
234318316
234318810
234318407
234318736
234318454
234318766
234318530
234318261
234318367
234318256
234318812
234318685
234318821
234318733
234318393
234318321
234318340
234318231
234318356
234318211
234318351
234318819
234318679
234318544
234318410
234318460
234318327
234318298
234318644
234318195
234318510
234318194
234318742
234318321
234318322
234318427
234318728
234318276
234318694
234318420
234318686
234318286
234318371
234318364
234318785
234318357
234318409
234318363
234318304
234318634
234318319
234318511
234318249
234318411
234318805
234318835
234318766
234318620
234318275
234318387
234318787
234318215
234318688
234318498
234318577
234318740
234318317
234318234
234318414
234318346
234318449
234318669
234318212
234318685
234318389
234318617
234318603
234318544
234318695
234318460
234318469
234318461
234318389
234318249
234318239
234318772
234318624
234318197
234318455
234318504
234318750
234318359
234318755
234318815
234318652
234318248
234318234
234318256
234318348
234318813
234318808
234318801
234318327
234318749
234318824
234318365
234318205
234318564
234318200
234318504
234318815
234318624
234318237
234318384
234318209
234318619
234318236
234318319
234318772
234318314
234318460
234318604
234318391
234318695
234318827
234318266
234318230
234318286
234318428
234318774
234318326
234318393
234318767
234318588
234318455
234318698
234318508
234318302
234318454
234318384
234318826
234318341
234318835
234318458
234318356
234318385
234318652
234318284
234318804
234318285
234318581
234318307
234318803
234318630
234318251
234318342
234318478
234318757
234318605
234318238
234318239
234318469
234318416
234318813
234318412
234318748
234318805
234318329
234318438
234318282
234318468
234318596
234318709
234318451
234318542
234318406
234318586
234318351
234318441
234318665
234318336
234318473
234318372
234318791
234318657
234318220
234318327
234318790
234318595
234318743
234318212
234318538
234318555
234318394
234318684
234318391
234318788
234318233
234318562
234318699
234318459
234318709
234318652
234318518
234318825
234318468
234318387
234318341
234318681
234318449
234318685
234318637
234318439
234318754
234318406
234318329
234318717
234318641
234318441
234318479
234318616
234318244
234318785
234318328
234318502
234318321
234318611
234318469
234318740
234318651
234318422
234318539
234318302
234318720
234318657
234318640
234318587
234318385
234318324
234318829
234318607
234318762
234318476
234318512
234318692
234318810
234318345
234318814
234318530
234318786
234318659
234318577
234318392
234318326
234318470
234318782
234318256
234318792
234318305
234318499
234318429
234318461
234318593
234318442
234318833
234318580
234318457
234318781
234318478
234318571
234318714
234318281
234318600
234318356
234318737
234318260
234318590
234318601
234318479
234318448
234318786
234318707
234318438
234318813
234318443
234318669
234318396
234318678
234318564
234318414
234318806
234318237
234318360
234318747
234318407
234318447
234318518
234318347
234318515
234318723
234318795
234318619
234318689
234318269
234318199
234318409
234318613
234318465
234318456
234318427
234318724
234318606
234318234
234318257
234318528
234318741
234318831
234318779
234318553
234318636
234318534
234318828
234318827
234318639
234318658
234318563
234318638
234318230
234318497
234318282
234318445
234318811
234318629
234318442
234318422
234318612
234318321
234318217
234318610
234318503
234318215
234318247
234318340
234318305
234318327
234318736
234318238
234318444
234318649
234318758
234318809
234318212
234318460
234318725
234318782
234318341
234318748
234318368
234318822
234318248
234318276
234318698
234318373
234318510
234318441
234318424
234318583
234318609
234318354
234318301
234318544
234318355
234318347
234318406
234318777
234318577
234318563
234318546
234318324
234318205
234318322
234318742
234318436
234318363
234318269
234318614
234318552
234318547
234318345
234318604
234318557
234318797
234318336
234318551
234318593
234318501
234318788
234318327
234318333
234318625
234318756
234318692
234318534
234318479
234318555
234318233
234318833
234318437
234318717
234318488
234318627
234318783
234318252
234318350
234318802
234318558
234318342
234318805
234318508
234318338
234318423
234318743
234318600
234318727
234318459
234318612
234318433
234318659
234318194
234318734
234318357
234318295
234318280
234318571
234318586
234318375
234318424
234318231
234318371
234318617
234318548
234318722
234318561
234318816
234318747
234318630
234318607
234318564
234318538
234318561
234318320
234318500
234318199
234318640
234318661
234318350
234318521
234318831
234318821
234318811
234318312
234318415
234318244
234318231
234318594
234318395
234318546
234318656
234318387
234318777
234318475
234318484
234318393
234318601
234318282
234318681
234318812
234318280
234318699
234318259
234318611
234318411
234318237
234318482
234318220
234318794
234318315
234318808
234318835
234318461
234318660
234318680
234318339
234318416
234318718
234318663
234318325
234318736
234318826
234318723
234318278
234318347
234318317
234318804
234318791
234318239
234318800
234318696
234318587
234318322
234318467
234318697
234318216
234318754
234318707
234318704
234318752
234318197
234318755
234318229
234318809
234318735
234318326
234318787
234318474
234318824
234318781
234318431
234318208
234318786
234318295
234318424
234318560
234318803
234318710
234318472
234318643
234318652
234318678
234318292
234318205
234318470
234318410
234318717
234318740
234318412
234318679
234318515
234318728
234318557
234318457
234318684
234318319
234318687
234318774
234318357
234318552
234318450
234318374
234318605
234318637
234318358
234318649
234318674
234318603
234318502
234318514
234318346
234318401
234318533
234318651
234318527
234318427
234318364
234318765
234318614
234318756
234318619
234318198
234318720
234318734
234318504
234318498
234318563
234318448
234318799
234318437
234318221
234318501
234318531
234318524
234318801
234318685
234318323
234318571
234318766
234318266
234318797
234318639
234318453
234318285
234318429
234318785
234318366
234318772
234318530
234318641
234318806
234318439
234318553
234318313
234318486
234318694
234318289
234318478
234318195
234318644
234318609
234318830
234318611
234318502
234318592
234318307
234318246
234318613
234318394
234318196
234318436
234318607
234318393
234318747
234318465
234318552
234318622
234318663
234318686
234318606
234318247
234318236
234318704
234318649
234318524
234318322
234318386
234318766
234318197
234318799
234318382
234318629
234318414
234318825
234318350
234318558
234318329
234318729
234318444
234318727
234318592
234318375
234318622
234318814
234318746
234318433
234318322
234318355
234318456
234318624
234318385
234318467
234318441
234318747
234318573
234318514
234318304
234318833
234318734
234318521
234318324
234318750
234318590
234318500
234318707
234318674
234318606
234318769
234318282
234318593
234318829
234318627
234318743
234318538
234318808
234318724
234318515
234318409
234318390
234318391
234318472
234318493
234318464
234318508
234318394
234318511
234318752
234318276
234318278
234318524
234318629
234318562
234318446
234318470
234318564
234318382
234318523
234318708
234318447
234318706
234318835
234318711
234318314
234318438
234318466
234318615
234318211
234318557
234318363
234318250
234318386
234318275
234318205
234318389
234318528
234318494
234318688
234318247
234318497
234318816
234318371
234318818
234318519
234318625
234318354
234318555
234318813
234318806
234318370
234318465
234318737
234318437
234318289
234318785
234318586
234318253
234318821
234318812
234318215
234318523
234318275
234318410
234318384
234318203
234318600
234318386
234318250
234318519
234318624
234318742
234318444
234318555
234318466
234318394
234318276
234318727
234318199
234318382
234318354
234318528
234318247
234318616
234318707
234318455
234318774
234318367
234318209
234318328
234318750
234318453
234318756
234318221
234318466
234318462
234318722
234318372
234318828
234318451
234318686
234318389
234318375
234318560
234318629
234318727
234318596
234318341
234318656
234318674
234318831
234318339
234318605
234318497
234318685
234318298
234318613
234318733
234318503
234318281
234318757
234318275
234318322
234318420
234318710
234318600
234318697
234318643
234318199
234318586
234318592
234318816
234318681
234318338
234318501
234318822
234318553
234318815
234318801
234318411
234318454
234318830
234318752
234318373
234318252
234318826
234318350
234318366
234318736
234318735
234318524
234318814
234318510
234318829
234318286
234318385
234318444
234318456
234318552
234318777
234318811
234318416
234318292
234318792
234318220
234318554
234318708
234318624
234318277
234318484
234318725
234318342
234318580
234318465
234318622
234318714
234318603
234318804
234318512
234318783
234318755
234318754
234318766
234318706
234318698
234318428
234318305
234318688
234318498
234318264
234318534
234318709
234318236
234318723
234318772
234318249
234318240
234318590
234318711
234318316
234318413
234318555
234318561
234318587
234318208
234318781
234318523
234318803
234318482
234318377
234318607
234318728
234318346
234318493
234318392
234318619
234318460
234318612
234318800
234318443
234318747
234318544
234318506
234318407
234318494
234318749
234318718
234318779
234318355
234318557
234318663
234318371
234318658
234318675
234318724
234318211
234318248
234318833
234318399
234318467
234318423
234318313
234318794
234318742
234318234
234318312
234318410
234318469
234318827
234318547
234318307
234318390
234318781
234318755
234318659
234318542
234318341
234318729
234318583
234318664
234318264
234318640
234318640
234318736
234318431
234318754
234318622
234318610
234318620
234318501
234318208
234318328
234318814
234318244
234318757
234318200
234318756
234318395
234318810
234318664
234318289
234318253
234318354
234318358
234318317
234318365
234318460
234318553
234318802
234318687
234318615
234318670
234318467
234318660
234318304
234318734
234318411
234318390
234318680
234318593
234318799
234318686
234318371
234318546
234318821
234318339
234318234
234318478
234318605
234318801
234318684
234318336
234318449
234318237
234318423
234318786
234318459
234318580
234318451
234318663
234318558
234318694
234318384
234318601
234318594
234318548
234318611
234318387
234318209
234318714
234318748
234318573
234318441
234318298
234318375
234318815
234318499
234318282
234318650
234318697
234318351
234318720
234318607
234318413
234318524
234318465
234318515
234318443
234318533
234318374
234318689
234318292
234318595
234318588
234318238
234318827
234318399
234318491
234318479
234318590
234318469
234318560
234318256
234318592
234318699
234318233
234318450
234318259
234318692
234318609
234318583
234318438
234318503
234318792
234318530
234318587
234318621
234318627
234318198
234318324
234318737
234318447
234318618
234318824
234318284
234318414
234318691
234318313
234318696
234318765
234318643
234318728
234318363
234318277
234318658
234318652
234318725
234318709
234318406
234318826
234318473
234318433
234318486
234318830
234318805
234318333
234318735
234318770
234318345
234318623
234318393
234318803
234318571
234318370
234318636
234318439
234318221
234318795
234318695
234318323
234318681
234318445
234318596
234318373
234318630
234318285
234318707
234318531
234318651
234318315
234318825
234318347
234318191
234318634
234318446
234318711
234318334
234318415
234318396
234318617
234318722
234318679
234318468
234318704
234318817
234318641
234318385
234318327
234318508
234318512
234318368
234318767
234318325
234318500
234318554
234318709
234318527
234318198
234318424
234318616
234318637
234318664
234318675
234318609
234318422
234318283
234318829
234318329
234318281
234318285
234318461
234318278
234318531
234318636
234318497
234318284
234318656
234318564
234318203
234318230
234318499
234318689
234318661
234318396
234318694
234318472
234318302
234318320
234318240
234318420
234318470
234318395
234318519
234318681
234318795
234318447
234318339
234318423
234318809
234318657
234318698
234318255
234318450
234318342
234318824
234318345
234318580
234318351
234318512
234318478
234318249
234318741
234318418
234318444
234318830
234318770
234318799
234318476
234318470
234318281
234318818
234318429
234318250
239956755
239957075
239956892
239956586
239956682
239956579
239957014
239956535
239957049
239956894
239957015
239956577
239957063
239956710
239956933
239956650
239956779
239956750
239956769
239957006
239956748
239956902
239956585
239956527
239956632
239956764
239956576
239956816
239956687
239957081
239956862
239957051
239956757
239956898
239956532
239956487
239956531
239957044
239957040
239956552
239956696
239956659
239956708
239956901
239956820
239957055
239956535
239956947
239956828
239956478
239956782
239956517
239957081
239956701
239956799
239957058
239956915
239956736
239956977
239956562
239956613
239957075
239956729
239956995
239956815
239956812
239956604
239956624
239957072
239956902
239956619
239956495
239956864
239956551
239956779
239956548
239956868
239956796
239956631
239957061
239956613
239956933
239957014
239956668
239956831
239957073
239956539
239956576
239956610
239956834
239957074
239956935
239956918
239956531
239956837
239956670
239956672
239957050
239956838
239956537
239956522
239956581
239956668
239956902
239957000
239956624
239956985
239956829
239957029
239956632
239956784
239956792
239956803
239956514
239956791
239956563
239957011
239956857
239956936
239956851
239957029
239956741
239956618
239956548
239956850
239956798
239956914
239957058
239956688
239956676
239956808
239956949
239956525
239956566
239956500
239956476
239956831
239956585
239956611
239956730
239956926
239956537
239956633
239956925
239957070
239956607
239956556
239956891
239957008
239956755
239956584
239956633
239956595
239956986
239956694
239956835
239956648
239956526
239956572
239957018
239956981
239957015
239956985
239956670
239956767
239956929
239956936
239956908
239956536
239956762
239956957
239956594
239956578
239957045
239956879
239956966
239956500
239956566
239956987
239956839
239956814
239956865
239956497
239956858
239956492
239956596
239956486
239956903
239956926
239956476
239956770
239956963
239956693
239956915
239956523
239956763
239956624
239956960
239957063
239956538
239956714
239956918
239956491
239956548
239957004
239956520
239956899
239956909
239956927
239956604
239956662
239956717
239956709
239956642
239956676
239956881
239956962
239956883
239957000
239956665
239956677
239956900
239956686
239956972
239956889
239956939
239956626
239957082
239956738
239956613
239956540
239956769
239956726
239956740
239956671
239956944
239956956
239957050
239956546
239956509
239957006
239956601
239956757
239956543
239956764
239956711
239956700
239956804
239956857
239956879
239956515
239956816
239956736
239956714
239956556
239956919
239956631
239956952
239957012
239956880
239956966
239956741
239956675
239956828
239956954
239956617
239956804
239956792
239957084
239956916
239956860
239956980
239956949
239956803
239956800
239956945
239956627
239956760
239956787
239956971
239956812
239957011
239956776
239956531
239957029
239957014
239956673
239956595
239956972
239956734
239956669
239956864
239956975
239956650
239956857
239956626
239956938
239957078
239956564
239956975
239956972
239956794
239956657
239956515
239956636
239956478
239956701
239957079
239956577
239956644
239956791
239956630
239956570
239956814
239956792
239956686
239956652
239956795
239956964
239956883
239956670
239956631
239956975
239956523
239956499
239957051
239956783
239956518
239956929
239956922
239956707
239956944
239956767
239956765
239956990
239956792
239956960
239956616
239957060
239956884
239957067
239956899
239956656
239956576
239956729
239957046
239956659
239956869
239956575
239956526
239956856
239956977
239956527
239956660
239956582
239956911
239957048
239957072
239956511
239956691
239956898
239956926
239956823
239956674
239956598
239956908
239956696
239956871
239956829
239957018
239956710
239956557
239957063
239956976
239957031
239956587
239956592
239956580
239956918
239956536
239956487
239956483
239957064
239956546
239956533
239956985
239956859
239956699
239956729
239956862
239956753
239956970
239956903
239956596
239956808
239956572
239956631
239956815
239956839
239957019
239956896
239956588
239956858
239956759
239956840
239956624
239957038
239956658
239956872
239956902
239956719
239957000
239957081
239957065
239957052
239956915
239956629
239956740
239956502
239956962
239957075
239956726
239956763
239956732
239956663
239957023
239956557
239956996
239956881
239956500
239956806
239956749
239956487
239956912
239956772
239956519
239956533
239956817
239956499
239956980
239957013
239956797
239957010
239956757
239957022
239956509
239956966
239956598
239956552
239956806
239956776
239956680
239957040
239957012
239956719
239956656
239956481
239956743
239956658
239956650
239957064
239956604
239956478
239956883
239956681
239956783
239956732
239956963
239956686
239956582
239956755
239956529
239956634
239956646
239957050
239956852
239956995
239956633
239956740
239957038
239957058
239956711
239956585
239956979
239956945
239956762
239956747
239956514
239956578
239956980
239957084
239956873
239956674
239956952
239956751
239956480
239956949
239956557
239956497
239956803
239956738
239956477
239956655
239956763
239956645
239956613
239956517
239956957
239956576
239956820
239956800
239956551
239956486
239956640
239956839
239957001
239956796
239956939
239957065
239956904
239956564
239956502
239956867
239956635
239956669
239956769
239956652
239956544
239957061
239957023
239956797
239956487
239957062
239956879
239956561
239956490
239956834
239956736
239956965
239956734
239956876
239956607
239956770
239956596
239956818
239956918
239956931
239956592
239956492
239956940
239957032
239956720
239956987
239956594
239956520
239956874
239956903
239956663
239956557
239956690
239956506
239956760
239956552
239956831
239956547
239956703
239957019
239956818
239956746
239957038
239956901
239956709
239956558
239956650
239956592
239956662
239956611
239957015
239956630
239956492
239956963
239956562
239956927
239956904
239956884
239956874
239956860
239956778
239956521
239956922
239956693
239956509
239956864
239956527
239956837
239956606
239956597
239957039
239956596
239957014
239957008
239956852
239956856
239956517
239956734
239956979
239956972
239956688
239956771
239956759
239956603
239956785
239956495
239957026
239956893
239957067
239956887
239956925
239956767
239957048
239956655
239956618
239957001
239956674
239957002
239956587
239957079
239956632
239957022
239956787
239956799
239956933
239956740
239957063
239956748
239956729
239956871
239957013
239956610
239956626
239956634
239956881
239956798
239956891
239956970
239956718
239956720
239956480
239956583
239956817
239956661
239956751
239957073
239957069
239956957
239956523
239956847
239957010
239956646
239957021
239956816
239956663
239956598
239956926
239957022
239956529
239956804
239956538
239956579
239956631
239957010
239956886
239956798
239956557
239956823
239956863
239956986
239956894
239956839
239956632
239956735
239956520
239956635
239956506
239956896
239956710
239956597
239956610
239956763
239956859
239957004
239956489
239956990
239956857
239956748
239956819
239956702
239956699
239956778
239956544
239956983
239956581
239956627
239956677
239956730
239957015
239956792
239956836
239956546
239956533
239957002
239956966
239956665
239956975
239956797
239956659
239956693
239956682
239956679
239956737
239956670
239956729
239956896
239956912
239956511
239957081
239957026
239956898
239956960
239957059
239956860
239957034
239956583
239956606
239956591
239956714
239956995
239956672
239956986
239956812
239956971
239956973
239956588
239956771
239957058
239956506
239956967
239956779
239956508
239957001
239956629
239956952
239956634
239956817
239956630
239956837
239956631
239956519
239957059
239956818
239956759
239956671
239956904
239956709
239956880
239956865
239957048
239956527
239956944
239957055
239956809
239957079
239957034
239956677
239956732
239956938
239956476
239956504
239956747
239957046
239956499
239956515
239956869
239956489
239956985
239957070
239956743
239956873
239957074
239956927
239956558
239956785
239956481
239956887
239956908
239956891
239956964
239956734
239957061
239956580
239956611
239957052
239956703
239956563
239956954
239956610
239956606
239956718
239957049
239956831
239957027
239956764
239956774
239956987
239956778
239956805
239956976
239956591
239956932
239956784
239956669
239956753
239956874
239956566
239956491
239956840
239956595
239956808
239956668
239957058
239956680
239957060
239956698
239956782
239956885
239956629
239957062
239956805
239956584
239956776
239956657
239956862
239956738
239956681
239956646
239956911
239956723
239956783
239956588
239956704
239956619
239956616
239957044
239956770
239956535
239956644
239957004
239956914
239956819
239957082
239956764
239956976
239956747
239956540
239956958
239956497
239956929
239956960
239956525
239956582
239956990
239956817
239956697
239956869
239956861
239956973
239956580
239957046
239956938
239956870
239956814
239956606
239956707
239956986
239956636
239956579
239956872
239956806
239956577
239956794
239956996
239956931
239956689
239957078
239956955
239956800
239956940
239956735
239956492
239956601
239956809
239956967
239956679
239956549
239956536
239956802
239956710
239956546
239957074
239956491
239956513
239956968
239956529
239956550
239956727
239956519
239956823
239956595
239957070
239956886
239956772
239956500
239956483
239956642
239956743
239956795
239957072
239956820
239956983
239956946
239956876
239956677
239956980
239956659
239956889
239957045
239956708
239957059
239956964
239956956
239956896
239956873
239957030
239956510
239957064
239956596
239956701
239956562
239956947
239956660
239956539
239957020
239956977
239956937
239956695
239956789
239956836
239956944
239956921
239956863
239956702
239956524
239956808
239956858
239956750
239956950
239956554
239956682
239956548
239957051
239956962
239956774
239957034
239956900
239956915
239956635
239956572
239956974
239956908
239956538
239956651
239956779
239956654
239956486
239956737
239957052
239956987
239956949
239956676
239957032
239956585
239956594
239956939
239956489
239956765
239956717
239957061
239956953
239956916
239956769
239956627
239956805
239956940
239956836
239956952
239956764
239956709
239956587
239956584
239957000
239956518
239956636
239956819
239956635
239956699
239956737
239956550
239956695
239956506
239956916
239956708
239956925
239956765
239956938
239956828
239957020
239956627
239957045
239956645
239956751
239956812
239956911
239956931
239957040
239956538
239957030
239956774
239956709
239956967
239956502
239956865
239956743
239956688
239956543
239956977
239956690
239957062
239956668
239956974
239956720
239957064
239957013
239956537
239956638
239956700
239956937
239957046
239956630
239956788
239956860
239956652
239956950
239956901
239956746
239956580
239956550
239956689
239956952
239956795
239956673
239956954
239956814
239956787
239956939
239956953
239956851
239956575
239956717
239957029
239956583
239957069
239956598
239957074
239956868
239956947
239956791
239956914
239957065
239956601
239956753
239956736
239956778
239956831
239956983
239956737
239956834
239956876
239956681
239956859
239956655
239957026
239956603
239956973
239956884
239956803
239956809
239956891
239956921
239957084
239956520
239956922
239956636
239956629
239956879
239956968
239956834
239956585
239956774
239957023
239957062
239956688
239956867
239956547
239956591
239956979
239956679
239956551
239956931
239956795
239957039
239956911
239957010
239956876
239956702
239956583
239956597
239956806
239956658
239956720
239956648
239956521
239956765
239956539
239956537
239956848
239956674
239956744
239956694
239956556
239957031
239956570
239956689
239956760
239956859
239956771
239956511
239957038
239957012
239956698
239956953
239956900
239956497
239956532
